149.9	18.7375
149.8	18.725
149.7	18.7125
149.6	18.7
149.5	18.6875
149.4	18.675
149.3	18.6625
149.2	18.65
149.1	18.6375
149	18.625
148.9	18.6125
148.8	18.6
148.7	18.5875
148.6	18.575
148.5	18.5625
148.4	18.55
148.3	18.5375
148.2	18.525
148.1	18.5125
148	18.5
147.9	18.4875
147.8	18.475
147.7	18.4625
147.6	18.45
147.5	18.4375
147.4	18.425
147.3	18.4125
147.2	18.4
147.1	18.3875
147	18.375
146.9	18.3625
146.8	18.35
146.7	18.3375
146.6	18.325
146.5	18.3125
146.4	18.3
146.3	18.2875
146.2	18.275
146.1	18.2625
146	18.25
145.9	18.2375
145.8	18.225
145.7	18.2125
145.6	18.2
145.5	18.1875
145.4	18.175
145.3	18.1625
145.2	18.15
145.1	18.1375
145	18.125
144.9	18.1125
144.8	18.1
144.7	18.0875
144.6	18.075
144.5	18.0625
144.4	18.05
144.3	18.0375
144.2	18.025
144.1	18.0125
144	18
143.9	17.9875
143.8	17.975
143.7	17.9625
143.6	17.95
143.5	17.9375
143.4	17.925
143.3	17.9125
143.2	17.9
143.1	17.8875
143	17.875
142.9	17.8625
142.8	17.85
142.7	17.8375
142.6	17.825
142.5	17.8125
142.4	17.8
142.3	17.7875
142.2	17.775
142.1	17.7625
142	17.75
141.9	17.7375
141.8	17.725
141.7	17.7125
141.6	17.7
141.5	17.6875
141.4	17.675
141.3	17.6625
141.2	17.65
141.1	17.6375
141	17.625
140.9	17.6125
140.8	17.6
140.7	17.5875
140.6	17.575
140.5	17.5625
140.4	17.55
140.3	17.5375
140.2	17.525
140.1	17.5125
140	17.5
139.9	17.4875
139.8	17.475
139.7	17.4625
139.6	17.45
139.5	17.4375
139.4	17.425
139.3	17.4125
139.2	17.4
139.1	17.3875
139	17.375
138.9	17.3625
138.8	17.35
138.7	17.3375
138.6	17.325
138.5	17.3125
138.4	17.3
138.3	17.2875
138.2	17.275
138.1	17.2625
138	17.25
137.9	17.2375
137.8	17.225
137.7	17.2125
137.6	17.2
137.5	17.1875
137.4	17.175
137.3	17.1625
137.2	17.15
137.1	17.1375
137	17.125
136.9	17.1125
136.8	17.1
136.7	17.0875
136.6	17.075
136.5	17.0625
136.4	17.05
136.3	17.0375
136.2	17.025
136.1	17.0125
136	17
135.9	16.9875
135.8	16.975
135.7	16.9625
135.6	16.95
135.5	16.9375
135.4	16.925
135.3	16.9125
135.2	16.9
135.1	16.8875
135	16.875
134.9	16.8625
134.8	16.85
134.7	16.8375
134.6	16.825
134.5	16.8125
134.4	16.8
134.3	16.7875
134.2	16.775
134.1	16.7625
134	16.75
133.9	16.7375
133.8	16.725
133.7	16.7125
133.6	16.7
133.5	16.6875
133.4	16.675
133.3	16.6625
133.2	16.65
133.1	16.6375
133	16.625
132.9	16.6125
132.8	16.6
132.7	16.5875
132.6	16.575
132.5	16.5625
132.4	16.55
132.3	16.5375
132.2	16.525
132.1	16.5125
132	16.5
131.9	16.4875
131.8	16.475
131.7	16.4625
131.6	16.45
131.5	16.4375
131.4	16.425
131.3	16.4125
131.2	16.4
131.1	16.3875
131	16.375
130.9	16.3625
130.8	16.35
130.7	16.3375
130.6	16.325
130.5	16.3125
130.4	16.3
130.3	16.2875
130.2	16.275
130.1	16.2625
130	16.25
129.9	16.2375
129.8	16.225
129.7	16.2125
129.6	16.2
129.5	16.1875
129.4	16.175
129.3	16.1625
129.2	16.15
129.1	16.1375
129	16.125
128.9	16.1125
128.8	16.1
128.7	16.0875
128.6	16.075
128.5	16.0625
128.4	16.05
128.3	16.0375
128.2	16.025
128.1	16.0125
128	16
127.9	15.9875
127.8	15.975
127.7	15.9625
127.6	15.95
127.5	15.9375
127.4	15.925
127.3	15.9125
127.2	15.9
127.1	15.8875
127	15.875
126.9	15.8625
126.8	15.85
126.7	15.8375
126.6	15.825
126.5	15.8125
126.4	15.8
126.3	15.7875
126.2	15.775
126.1	15.7625
126	15.75
125.9	15.7375
125.8	15.725
125.7	15.7125
125.6	15.7
125.5	15.6875
125.4	15.675
125.3	15.6625
125.2	15.65
125.1	15.6375
125	15.625
124.9	15.6125
124.8	15.6
124.7	15.5875
124.6	15.575
124.5	15.5625
124.4	15.55
124.3	15.5375
124.2	15.525
124.1	15.5125
124	15.5
123.9	15.4875
123.8	15.475
123.7	15.4625
123.6	15.45
123.5	15.4375
123.4	15.425
123.3	15.4125
123.2	15.4
123.1	15.3875
123	15.375
122.9	15.3625
122.8	15.35
122.7	15.3375
122.6	15.325
122.5	15.3125
122.4	15.3
122.3	15.2875
122.2	15.275
122.1	15.2625
122	15.25
121.9	15.2375
121.8	15.225
121.7	15.2125
121.6	15.2
121.5	15.1875
121.4	15.175
121.3	15.1625
121.2	15.15
121.1	15.1375
121	15.125
120.9	15.1125
120.8	15.1
120.7	15.0875
120.6	15.075
120.5	15.0625
120.4	15.05
120.3	15.0375
120.2	15.025
120.1	15.0125
120	15
119.9	14.9875
119.8	14.975
119.7	14.9625
119.6	14.95
119.5	14.9375
119.4	14.925
119.3	14.9125
119.2	14.9
119.1	14.8875
119	14.875
118.9	14.8625
118.8	14.85
118.7	14.8375
118.6	14.825
118.5	14.8125
118.4	14.8
118.3	14.7875
118.2	14.775
118.1	14.7625
118	14.75
117.9	14.7375
117.8	14.725
117.7	14.7125
117.6	14.7
117.5	14.6875
117.4	14.675
117.3	14.6625
117.2	14.65
117.1	14.6375
117	14.625
116.9	14.6125
116.8	14.6
116.7	14.5875
116.6	14.575
116.5	14.5625
116.4	14.55
116.3	14.5375
116.2	14.525
116.1	14.5125
116	14.5
115.9	14.4875
115.8	14.475
115.7	14.4625
115.6	14.45
115.5	14.4375
115.4	14.425
115.3	14.4125
115.2	14.4
115.1	14.3875
115	14.375
114.9	14.3625
114.8	14.35
114.7	14.3375
114.6	14.325
114.5	14.3125
114.4	14.3
114.3	14.2875
114.2	14.275
114.1	14.2625
114	14.25
113.9	14.2375
113.8	14.225
113.7	14.2125
113.6	14.2
113.5	14.1875
113.4	14.175
113.3	14.1625
113.2	14.15
113.1	14.1375
113	14.125
112.9	14.1125
112.8	14.1
112.7	14.0875
112.6	14.075
112.5	14.0625
112.4	14.05
112.3	14.0375
112.2	14.025
112.1	14.0125
112	14
111.9	13.9875
111.8	13.975
111.7	13.9625
111.6	13.95
111.5	13.9375
111.4	13.925
111.3	13.9125
111.2	13.9
111.1	13.8875
111	13.875
110.9	13.8625
110.8	13.85
110.7	13.8375
110.6	13.825
110.5	13.8125
110.4	13.8
110.3	13.7875
110.2	13.775
110.1	13.7625
110	13.75
109.9	13.7375
109.8	13.725
109.7	13.7125
109.6	13.7
109.5	13.6875
109.4	13.675
109.3	13.6625
109.2	13.65
109.1	13.6375
109	13.625
108.9	13.6125
108.8	13.6
108.7	13.5875
108.6	13.575
108.5	13.5625
108.4	13.55
108.3	13.5375
108.2	13.525
108.1	13.5125
108	13.5
107.9	13.4875
107.8	13.475
107.7	13.4625
107.6	13.45
107.5	13.4375
107.4	13.425
107.3	13.4125
107.2	13.4
107.1	13.3875
107	13.375
106.9	13.3625
106.8	13.35
106.7	13.3375
106.6	13.325
106.5	13.3125
106.4	13.3
106.3	13.2875
106.2	13.275
106.1	13.2625
106	13.25
105.9	13.2375
105.8	13.225
105.7	13.2125
105.6	13.2
105.5	13.1875
105.4	13.175
105.3	13.1625
105.2	13.15
105.1	13.1375
105	13.125
104.9	13.1125
104.8	13.1
104.7	13.0875
104.6	13.075
104.5	13.0625
104.4	13.05
104.3	13.0375
104.2	13.025
104.1	13.0125
104	13
103.9	12.9875
103.8	12.975
103.7	12.9625
103.6	12.95
103.5	12.9375
103.4	12.925
103.3	12.9125
103.2	12.9
103.1	12.8875
103	12.875
102.9	12.8625
102.8	12.85
102.7	12.8375
102.6	12.825
102.5	12.8125
102.4	12.8
102.3	12.7875
102.2	12.775
102.1	12.7625
102	12.75
101.9	12.7375
101.8	12.725
101.7	12.7125
101.6	12.7
101.5	12.6875
101.4	12.675
101.3	12.6625
101.2	12.65
101.1	12.6375
101	12.625
100.9	12.6125
100.8	12.6
100.7	12.5875
100.6	12.575
100.5	12.5625
100.4	12.55
100.3	12.5375
100.2	12.525
100.1	12.5125
100	12.5
99.9	12.4875
99.8	12.475
99.7	12.4625
99.6	12.45
99.5	12.4375
99.4	12.425
99.3	12.4125
99.2	12.4
99.1	12.3875
99	12.375
98.9	12.3625
98.8	12.35
98.7	12.3375
98.6	12.325
98.5	12.3125
98.4	12.3
98.3	12.2875
98.2	12.275
98.1	12.2625
98	12.25
97.9	12.2375
97.8	12.225
97.7	12.2125
97.6	12.2
97.5	12.1875
97.4	12.175
97.3	12.1625
97.2	12.15
97.1	12.1375
97	12.125
96.9	12.1125
96.8	12.1
96.7	12.0875
96.6	12.075
96.5	12.0625
96.4	12.05
96.3	12.0375
96.2	12.025
96.1	12.0125
96	12
95.9	11.9875
95.8	11.975
95.7	11.9625
95.6	11.95
95.5	11.9375
95.4	11.925
95.3	11.9125
95.2	11.9
95.1	11.8875
95	11.875
94.9	11.8625
94.8	11.85
94.7	11.8375
94.6	11.825
94.5	11.8125
94.4	11.8
94.3	11.7875
94.2	11.775
94.1	11.7625
94	11.75
93.9	11.7375
93.8	11.725
93.7	11.7125
93.6	11.7
93.5	11.6875
93.4	11.675
93.3	11.6625
93.2	11.65
93.1	11.6375
93	11.625
92.9	11.6125
92.8	11.6
92.7	11.5875
92.6	11.575
92.5	11.5625
92.4	11.55
92.3	11.5375
92.2	11.525
92.1	11.5125
92	11.5
91.9	11.4875
91.8	11.475
91.7	11.4625
91.6	11.45
91.5	11.4375
91.4	11.425
91.3	11.4125
91.2	11.4
91.1	11.3875
91	11.375
90.9	11.3625
90.8	11.35
90.7	11.3375
90.6	11.325
90.5	11.3125
90.4	11.3
90.3	11.2875
90.2	11.275
90.1	11.2625
90	11.25
89.9	11.2375
89.8	11.225
89.7	11.2125
89.6	11.2
89.5	11.1875
89.4	11.175
89.3	11.1625
89.2	11.15
89.1	11.1375
89	11.125
88.9	11.1125
88.8	11.1
88.7	11.0875
88.6	11.075
88.5	11.0625
88.4	11.05
88.3	11.0375
88.2	11.025
88.1	11.0125
88	11
87.9	10.9875
87.8	10.975
87.7	10.9625
87.6	10.95
87.5	10.9375
87.4	10.925
87.3	10.9125
87.2	10.9
87.1	10.8875
87	10.875
86.9	10.8625
86.8	10.85
86.7	10.8375
86.6	10.825
86.5	10.8125
86.4	10.8
86.3	10.7875
86.2	10.775
86.1	10.7625
86	10.75
85.9	10.7375
85.8	10.725
85.7	10.7125
85.6	10.7
85.5	10.6875
85.4	10.675
85.3	10.6625
85.2	10.65
85.1	10.6375
85	10.625
84.9	10.6125
84.8	10.6
84.7	10.5875
84.6	10.575
84.5	10.5625
84.4	10.55
84.3	10.5375
84.2	10.525
84.1	10.5125
84	10.5
83.9	10.4875
83.8	10.475
83.7	10.4625
83.6	10.45
83.5	10.4375
83.4	10.425
83.3	10.4125
83.2	10.4
83.1	10.3875
83	10.375
82.9	10.3625
82.8	10.35
82.7	10.3375
82.6	10.325
82.5	10.3125
82.4	10.3
82.3	10.2875
82.2	10.275
82.1	10.2625
82	10.25
81.9	10.2375
81.8	10.225
81.7	10.2125
81.6	10.2
81.5	10.1875
81.4	10.175
81.3	10.1625
81.2	10.15
81.1	10.1375
81	10.125
80.9	10.1125
80.8	10.1
80.7	10.0875
80.6	10.075
80.5	10.0625
80.4	10.05
80.3	10.0375
80.2	10.025
80.1	10.0125
80	10
79.9	9.9875
79.8	9.975
79.7	9.9625
79.6	9.95
79.5	9.9375
79.4	9.925
79.3	9.9125
79.2	9.9
79.1	9.8875
79	9.875
78.9	9.8625
78.8	9.85
78.7	9.8375
78.6	9.825
78.5	9.8125
78.4	9.8
78.3	9.7875
78.2	9.775
78.1	9.7625
78	9.75
77.9	9.7375
77.8	9.725
77.7	9.7125
77.6	9.7
77.5	9.6875
77.4	9.675
77.3	9.6625
77.2	9.65
77.1	9.6375
77	9.625
76.9	9.6125
76.8	9.6
76.7	9.5875
76.6	9.575
76.5	9.5625
76.4	9.55
76.3	9.5375
76.2	9.525
76.1	9.5125
76	9.5
75.9	9.4875
75.8	9.475
75.7	9.4625
75.6	9.45
75.5	9.4375
75.4	9.425
75.3	9.4125
75.2	9.4
75.1	9.3875
75	9.375
74.9	9.3625
74.8	9.35
74.7	9.3375
74.6	9.325
74.5	9.3125
74.4	9.3
74.3	9.2875
74.2	9.275
74.1	9.2625
74	9.25
73.9	9.2375
73.8	9.225
73.7	9.2125
73.6	9.2
73.5	9.1875
73.4	9.175
73.3	9.1625
73.2	9.15
73.1	9.1375
73	9.125
72.9	9.1125
72.8	9.1
72.7	9.0875
72.6	9.075
72.5	9.0625
72.4	9.05
72.3	9.0375
72.2	9.025
72.1	9.0125
72	9
71.9	8.9875
71.8	8.975
71.7	8.9625
71.6	8.95
71.5	8.9375
71.4	8.925
71.3	8.9125
71.2	8.9
71.1	8.8875
71	8.875
70.9	8.8625
70.8	8.85
70.7	8.8375
70.6	8.825
70.5	8.8125
70.4	8.8
70.3	8.7875
70.2	8.775
70.1	8.7625
70	8.75
69.9	8.7375
69.8	8.725
69.7	8.7125
69.6	8.7
69.5	8.6875
69.4	8.675
69.3	8.6625
69.2	8.65
69.1	8.6375
69	8.625
68.9	8.6125
68.8	8.6
68.7	8.5875
68.6	8.575
68.5	8.5625
68.4	8.55
68.3	8.5375
68.2	8.525
68.1	8.5125
68	8.5
67.9	8.4875
67.8	8.475
67.7	8.4625
67.6	8.45
67.5	8.4375
67.4	8.425
67.3	8.4125
67.2	8.4
67.1	8.3875
67	8.375
66.9	8.3625
66.8	8.35
66.7	8.3375
66.6	8.325
66.5	8.3125
66.4	8.3
66.3	8.2875
66.2	8.275
66.1	8.2625
66	8.25
65.9	8.2375
65.8	8.225
65.7	8.2125
65.6	8.2
65.5	8.1875
65.4	8.175
65.3	8.1625
65.2	8.15
65.1	8.1375
65	8.125
64.9	8.1125
64.8	8.1
64.7	8.0875
64.6	8.075
64.5	8.0625
64.4	8.05
64.3	8.0375
64.2	8.025
64.1	8.0125
64	8
63.9	7.9875
63.8	7.975
63.7	7.9625
63.6	7.95
63.5	7.9375
63.4	7.925
63.3	7.9125
63.2	7.9
63.1	7.8875
63	7.875
62.9	7.8625
62.8	7.85
62.7	7.8375
62.6	7.825
62.5	7.8125
62.4	7.8
62.3	7.7875
62.2	7.775
62.1	7.7625
62	7.75
61.9	7.7375
61.8	7.725
61.7	7.7125
61.6	7.7
61.5	7.6875
61.4	7.675
61.3	7.6625
61.2	7.65
61.1	7.6375
61	7.625
60.9	7.6125
60.8	7.6
60.7	7.5875
60.6	7.575
60.5	7.5625
60.4	7.55
60.3	7.5375
60.2	7.525
60.1	7.5125
60	7.5
59.9	7.4875
59.8	7.475
59.7	7.4625
59.6	7.45
59.5	7.4375
59.4	7.425
59.3	7.4125
59.2	7.4
59.1	7.3875
59	7.375
58.9	7.3625
58.8	7.35
58.7	7.3375
58.6	7.325
58.5	7.3125
58.4	7.3
58.3	7.2875
58.2	7.275
58.1	7.2625
58	7.25
57.9	7.2375
57.8	7.225
57.7	7.2125
57.6	7.2
57.5	7.1875
57.4	7.175
57.3	7.1625
57.2	7.15
57.1	7.1375
57	7.125
56.9	7.1125
56.8	7.1
56.7	7.0875
56.6	7.075
56.5	7.0625
56.4	7.05
56.3	7.0375
56.2	7.025
56.1	7.0125
56	7
55.9	6.9875
55.8	6.975
55.7	6.9625
55.6	6.95
55.5	6.9375
55.4	6.925
55.3	6.9125
55.2	6.9
55.1	6.8875
55	6.875
54.9	6.8625
54.8	6.85
54.7	6.8375
54.6	6.825
54.5	6.8125
54.4	6.8
54.3	6.7875
54.2	6.775
54.1	6.7625
54	6.75
53.9	6.7375
53.8	6.725
53.7	6.7125
53.6	6.7
53.5	6.6875
53.4	6.675
53.3	6.6625
53.2	6.65
53.1	6.6375
53	6.625
52.9	6.6125
52.8	6.6
52.7	6.5875
52.6	6.575
52.5	6.5625
52.4	6.55
52.3	6.5375
52.2	6.525
52.1	6.5125
52	6.5
51.9	6.4875
51.8	6.475
51.7	6.4625
51.6	6.45
51.5	6.4375
51.4	6.425
51.3	6.4125
51.2	6.4
51.1	6.3875
51	6.375
50.9	6.3625
50.8	6.35
50.7	6.3375
50.6	6.325
50.5	6.3125
50.4	6.3
50.3	6.2875
50.2	6.275
50.1	6.2625
50	6.25
49.9	6.2375
49.8	6.225
49.7	6.2125
49.6	6.2
49.5	6.1875
49.4	6.175
49.3	6.1625
49.2	6.15
49.1	6.1375
49	6.125
48.9	6.1125
48.8	6.1
48.7	6.0875
48.6	6.075
48.5	6.0625
48.4	6.05
48.3	6.0375
48.2	6.025
48.1	6.0125
48	6
47.9	5.9875
47.8	5.975
47.7	5.9625
47.6	5.95
47.5	5.9375
47.4	5.925
47.3	5.9125
47.2	5.9
47.1	5.8875
47	5.875
46.9	5.8625
46.8	5.85
46.7	5.8375
46.6	5.825
46.5	5.8125
46.4	5.8
46.3	5.7875
46.2	5.775
46.1	5.7625
46	5.75
45.9	5.7375
45.8	5.725
45.7	5.7125
45.6	5.7
45.5	5.6875
45.4	5.675
45.3	5.6625
45.2	5.65
45.1	5.6375
45	5.625
44.9	5.6125
44.8	5.6
44.7	5.5875
44.6	5.575
44.5	5.5625
44.4	5.55
44.3	5.5375
44.2	5.525
44.1	5.5125
44	5.5
43.9	5.4875
43.8	5.475
43.7	5.4625
43.6	5.45
43.5	5.4375
43.4	5.425
43.3	5.4125
43.2	5.4
43.1	5.3875
43	5.375
42.9	5.3625
42.8	5.35
42.7	5.3375
42.6	5.325
42.5	5.3125
42.4	5.3
42.3	5.2875
42.2	5.275
42.1	5.2625
42	5.25
41.9	5.2375
41.8	5.225
41.7	5.2125
41.6	5.2
41.5	5.1875
41.4	5.175
41.3	5.1625
41.2	5.15
41.1	5.1375
41	5.125
40.9	5.1125
40.8	5.1
40.7	5.0875
40.6	5.075
40.5	5.0625
40.4	5.05
40.3	5.0375
40.2	5.025
40.1	5.0125
40	5
39.9	4.9875
39.8	4.975
39.7	4.9625
39.6	4.95
39.5	4.9375
39.4	4.925
39.3	4.9125
39.2	4.9
39.1	4.8875
39	4.875
38.9	4.8625
38.8	4.85
38.7	4.8375
38.6	4.825
38.5	4.8125
38.4	4.8
38.3	4.7875
38.2	4.775
38.1	4.7625
38	4.75
37.9	4.7375
37.8	4.725
37.7	4.7125
37.6	4.7
37.5	4.6875
37.4	4.675
37.3	4.6625
37.2	4.65
37.1	4.6375
37	4.625
36.9	4.6125
36.8	4.6
36.7	4.5875
36.6	4.575
36.5	4.5625
36.4	4.55
36.3	4.5375
36.2	4.525
36.1	4.5125
36	4.5
35.9	4.4875
35.8	4.475
35.7	4.4625
35.6	4.45
35.5	4.4375
35.4	4.425
35.3	4.4125
35.2	4.4
35.1	4.3875
35	4.375
34.9	4.3625
34.8	4.35
34.7	4.3375
34.6	4.325
34.5	4.3125
34.4	4.3
34.3	4.2875
34.2	4.275
34.1	4.2625
34	4.25
33.9	4.2375
33.8	4.225
33.7	4.2125
33.6	4.2
33.5	4.1875
33.4	4.175
33.3	4.1625
33.2	4.15
33.1	4.1375
33	4.125
32.9	4.1125
32.8	4.1
32.7	4.0875
32.6	4.075
32.5	4.0625
32.4	4.05
32.3	4.0375
32.2	4.025
32.1	4.0125
32	4
31.9	3.9875
31.8	3.975
31.7	3.9625
31.6	3.95
31.5	3.9375
31.4	3.925
31.3	3.9125
31.2	3.9
31.1	3.8875
31	3.875
30.9	3.8625
30.8	3.85
30.7	3.8375
30.6	3.825
30.5	3.8125
30.4	3.8
30.3	3.7875
30.2	3.775
30.1	3.7625
30	3.75
29.9	3.7375
29.8	3.725
29.7	3.7125
29.6	3.7
29.5	3.6875
29.4	3.675
29.3	3.6625
29.2	3.65
29.1	3.6375
29	3.625
28.9	3.6125
28.8	3.6
28.7	3.5875
28.6	3.575
28.5	3.5625
28.4	3.55
28.3	3.5375
28.2	3.525
28.1	3.5125
28	3.5
27.9	3.4875
27.8	3.475
27.7	3.4625
27.6	3.45
27.5	3.4375
27.4	3.425
27.3	3.4125
27.2	3.4
27.1	3.3875
27	3.375
26.9	3.3625
26.8	3.35
26.7	3.3375
26.6	3.325
26.5	3.3125
26.4	3.3
26.3	3.2875
26.2	3.275
26.1	3.2625
26	3.25
25.9	3.2375
25.8	3.225
25.7	3.2125
25.6	3.2
25.5	3.1875
25.4	3.175
25.3	3.1625
25.2	3.15
25.1	3.1375
25	3.125
24.9	3.1125
24.8	3.1
24.7	3.0875
24.6	3.075
24.5	3.0625
24.4	3.05
24.3	3.0375
24.2	3.025
24.1	3.0125
24	3
23.9	2.9875
23.8	2.975
23.7	2.9625
23.6	2.95
23.5	2.9375
23.4	2.925
23.3	2.9125
23.2	2.9
23.1	2.8875
23	2.875
22.9	2.8625
22.8	2.85
22.7	2.8375
22.6	2.825
22.5	2.8125
22.4	2.8
22.3	2.7875
22.2	2.775
22.1	2.7625
22	2.75
21.9	2.7375
21.8	2.725
21.7	2.7125
21.6	2.7
21.5	2.6875
21.4	2.675
21.3	2.6625
21.2	2.65
21.1	2.6375
21	2.625
20.9	2.6125
20.8	2.6
20.7	2.5875
20.6	2.575
20.5	2.5625
20.4	2.55
20.3	2.5375
20.2	2.525
20.1	2.5125
20	2.5
19.9	2.4875
19.8	2.475
19.7	2.4625
19.6	2.45
19.5	2.4375
19.4	2.425
19.3	2.4125
19.2	2.4
19.1	2.3875
19	2.375
18.9	2.3625
18.8	2.35
18.7	2.3375
18.6	2.325
18.5	2.3125
18.4	2.3
18.3	2.2875
18.2	2.275
18.1	2.2625
18	2.25
17.9	2.2375
17.8	2.225
17.7	2.2125
17.6	2.2
17.5	2.1875
17.4	2.175
17.3	2.1625
17.2	2.15
17.1	2.1375
17	2.125
16.9	2.1125
16.8	2.1
16.7	2.0875
16.6	2.075
16.5	2.0625
16.4	2.05
16.3	2.0375
16.2	2.025
16.1	2.0125
16	2
15.9	1.9875
15.8	1.975
15.7	1.9625
15.6	1.95
15.5	1.9375
15.4	1.925
15.3	1.9125
15.2	1.9
15.1	1.8875
15	1.875
14.9	1.8625
14.8	1.85
14.7	1.8375
14.6	1.825
14.5	1.8125
14.4	1.8
14.3	1.7875
14.2	1.775
14.1	1.7625
14	1.75
13.9	1.7375
13.8	1.725
13.7	1.7125
13.6	1.7
13.5	1.6875
13.4	1.675
13.3	1.6625
13.2	1.65
13.1	1.6375
13	1.625
12.9	1.6125
12.8	1.6
12.7	1.5875
12.6	1.575
12.5	1.5625
12.4	1.55
12.3	1.5375
12.2	1.525
12.1	1.5125
12	1.5
11.9	1.4875
11.8	1.475
11.7	1.4625
11.6	1.45
11.5	1.4375
11.4	1.425
11.3	1.4125
11.2	1.4
11.1	1.3875
11	1.375
10.9	1.3625
10.8	1.35
10.7	1.3375
10.6	1.325
10.5	1.3125
10.4	1.3
10.3	1.2875
10.2	1.275
10.1	1.2625
10	1.25
9.9	1.2375
9.8	1.225
9.7	1.2125
9.6	1.2
9.5	1.1875
9.4	1.175
9.3	1.1625
9.2	1.15
9.1	1.1375
9	1.125
8.9	1.1125
8.8	1.1
8.7	1.0875
8.6	1.075
8.5	1.0625
8.4	1.05
8.3	1.0375
8.2	1.025
8.1	1.0125
8	1
7.9	0.9875
7.8	0.975
7.7	0.9625
7.6	0.95
7.5	0.9375
7.4	0.925
7.3	0.9125
7.2	0.9
7.1	0.8875
7	0.875
6.9	0.8625
6.8	0.85
6.7	0.8375
6.6	0.825
6.5	0.8125
6.4	0.8
6.3	0.7875
6.2	0.775
6.1	0.7625
6	0.75
5.9	0.7375
5.8	0.725
5.7	0.7125
5.6	0.7
5.5	0.6875
5.4	0.675
5.3	0.6625
5.2	0.65
5.1	0.6375
5	0.625
4.9	0.6125
4.8	0.6
4.7	0.5875
4.6	0.575
4.5	0.5625
4.4	0.55
4.3	0.5375
4.2	0.525
4.1	0.5125
4	0.5
3.9	0.4875
3.8	0.475
3.7	0.4625
3.6	0.45
3.5	0.4375
3.4	0.425
3.3	0.4125
3.2	0.4
3.1	0.3875
3	0.375
2.9	0.3625
2.8	0.35
2.7	0.3375
2.6	0.325
2.5	0.3125
2.4	0.3
2.3	0.2875
2.2	0.275
2.1	0.2625
2	0.25
1.9	0.2375
1.8	0.225
1.7	0.2125
1.6	0.2
1.5	0.1875
1.4	0.175
1.3	0.1625
1.2	0.15
1.1	0.1375
1	0.125
0.9	0.1125
0.8	0.1
0.7	0.0875
0.6	0.075
0.5	0.0625
0.4	0.05
0.3	0.0375
0.2	0.025
0.1	0.0125
4.24652e-12	5.31391e-13
