149.9	12681
149.8	12673.7
149.7	12866.5
149.6	12685.8
149.5	12673.8
149.4	12723.1
149.3	12673.6
149.2	12699.7
149.1	12531.9
149	12102.8
148.9	11557
148.8	11671
148.7	11778.2
148.6	11490.9
148.5	11590.9
148.4	12467.7
148.3	12456.6
148.2	12117.1
148.1	11843.1
148	11566.6
147.9	11499.5
147.8	11710.2
147.7	11912.2
147.6	11693.5
147.5	11818.6
147.4	11657.3
147.3	11636.8
147.2	11837.5
147.1	11662.6
147	11380
146.9	11270.4
146.8	11038.3
146.7	11050.5
146.6	10926.9
146.5	11085.3
146.4	11327.7
146.3	11714.2
146.2	12020.8
146.1	11947.3
146	11854.2
145.9	11972.9
145.8	12006.8
145.7	11783.8
145.6	11673.4
145.5	11479.9
145.4	11540.1
145.3	11846.4
145.2	11954.2
145.1	12069.3
145	12141.8
144.9	12032.9
144.8	11662.1
144.7	11467.6
144.6	11417
144.5	11572.3
144.4	11828.1
144.3	11711.1
144.2	11358.3
144.1	11386.2
144	11781.5
143.9	11732.6
143.8	11803.8
143.7	12078.1
143.6	12008.2
143.5	12039.8
143.4	11949.7
143.3	11771.8
143.2	11633
143.1	11402.8
143	11148.4
142.9	10958.3
142.8	11059.1
142.7	11710.9
142.6	11758.3
142.5	11283
142.4	11305.6
142.3	11131.9
142.2	11010.1
142.1	10869.2
142	11285.6
141.9	11262.1
141.8	11302
141.7	11496.8
141.6	11547.4
141.5	11401.3
141.4	11369.2
141.3	11063.1
141.2	10843.6
141.1	11077.7
141	11606
140.9	11900.5
140.8	12006.4
140.7	12010.3
140.6	11768.4
140.5	11669.5
140.4	11878.2
140.3	11875.3
140.2	11884.9
140.1	11719.4
140	11287
139.9	10901.8
139.8	10796.3
139.7	11172.2
139.6	11270
139.5	11214.9
139.4	11440.6
139.3	11466.4
139.2	11414.3
139.1	11297
139	11636.3
138.9	11365.7
138.8	12003.7
138.7	11720.8
138.6	11609.3
138.5	11331.3
138.4	10809.1
138.3	10696.7
138.2	11119.9
138.1	10972.6
138	10619.7
137.9	10763.4
137.8	11082.4
137.7	11391.7
137.6	11369.2
137.5	11247.6
137.4	11185.9
137.3	10937
137.2	10950
137.1	10996.8
137	11317.4
136.9	11331.5
136.8	11225
136.7	11203.6
136.6	11135.2
136.5	10803.8
136.4	10649.9
136.3	10740.5
136.2	10968.4
136.1	11304.7
136	11269.6
135.9	11028.4
135.8	10863.3
135.7	10590
135.6	10538.3
135.5	10530.7
135.4	10633.6
135.3	10831.5
135.2	11043.4
135.1	10928.4
135	10612.3
134.9	10013.9
134.8	10290.7
134.7	10576.4
134.6	10738.5
134.5	10794.9
134.4	10720.8
134.3	10684.6
134.2	10968.1
134.1	10852.6
134	10930.9
133.9	10723.3
133.8	10823.1
133.7	11171.7
133.6	11173.7
133.5	10935.2
133.4	10767.2
133.3	10594.6
133.2	10419.2
133.1	10223.3
133	10098.2
132.9	10746.2
132.8	10858.5
132.7	10715.5
132.6	10567
132.5	10146.3
132.4	9888.7
132.3	9908.21
132.2	10268.7
132.1	10494.8
132	10629.6
131.9	10537.6
131.8	10211.9
131.7	10362.6
131.6	10502.3
131.5	10514
131.4	10744.3
131.3	10710.9
131.2	10889.1
131.1	10876
131	10508
130.9	10531.5
130.8	10385.3
130.7	10202.4
130.6	10011.8
130.5	10081.3
130.4	10032.8
130.3	9707.29
130.2	9970.76
130.1	10003.8
130	10099.1
129.9	10074.2
129.8	10457.8
129.7	10824.6
129.6	10831.9
129.5	10821.5
129.4	10717.4
129.3	10371
129.2	10115.9
129.1	10524.9
129	10657.5
128.9	10440.8
128.8	10298.1
128.7	10552.8
128.6	10610
128.5	10600.4
128.4	10491.1
128.3	10141
128.2	10076.4
128.1	10549.6
128	10632.1
127.9	10631.7
127.8	10692.9
127.7	10357.4
127.6	10222.6
127.5	10293.6
127.4	10030.3
127.3	9619.44
127.2	9006.97
127.1	9071.09
127	9584.7
126.9	9894.96
126.8	10050.2
126.7	9796.6
126.6	9390.86
126.5	9315.52
126.4	9585.48
126.3	9951.72
126.2	10303.2
126.1	10262.8
126	10044.4
125.9	10281.7
125.8	10472.5
125.7	10302.4
125.6	9923.51
125.5	10082.7
125.4	9960.72
125.3	9766.08
125.2	9726.38
125.1	9689.86
125	9712.15
124.9	9628.22
124.8	9752.09
124.7	9803.61
124.6	9984.79
124.5	10155.7
124.4	10045.2
124.3	10278.3
124.2	10291
124.1	10389.5
124	10510.8
123.9	10542.4
123.8	10561.7
123.7	10611.7
123.6	10640.5
123.5	10591.9
123.4	10523.3
123.3	10140.5
123.2	10072.9
123.1	10100.2
123	10002.8
122.9	9863.99
122.8	9896.74
122.7	9834.86
122.6	9978.79
122.5	10483.9
122.4	10400.7
122.3	9923.62
122.2	9464.56
122.1	9102.87
122	9778.67
121.9	9866.03
121.8	9311.4
121.7	9358.63
121.6	9429.85
121.5	9500.36
121.4	9525.14
121.3	9458.53
121.2	9628.46
121.1	9763.89
121	9860.13
120.9	9814.43
120.8	9793.78
120.7	9702.56
120.6	9781.81
120.5	9984.54
120.4	10077.1
120.3	9908.05
120.2	10041.7
120.1	10207.5
120	10311.6
119.9	10328.3
119.8	10179.2
119.7	9820.63
119.6	9510.75
119.5	9445.27
119.4	9436.4
119.3	9412.94
119.2	9482.13
119.1	9420.82
119	9082.52
118.9	9049.44
118.8	9171.85
118.7	9426.78
118.6	9616.14
118.5	9641.95
118.4	9596.84
118.3	9436.1
118.2	9483.4
118.1	9648.74
118	9695.86
117.9	9494.81
117.8	9269.18
117.7	9338.53
117.6	9411.95
117.5	9547.38
117.4	9404.9
117.3	9449.13
117.2	9521.32
117.1	9892.35
117	9721.44
116.9	9235.6
116.8	8935.73
116.7	8996.86
116.6	9080.22
116.5	9155.78
116.4	9040.23
116.3	8697.87
116.2	8869.27
116.1	8568.1
116	8437.25
115.9	8884.03
115.8	8760.55
115.7	8912.56
115.6	9039.09
115.5	9408
115.4	9789.57
115.3	9836.88
115.2	9640.4
115.1	9318.46
115	9189.01
114.9	9193.4
114.8	9107.96
114.7	9017.8
114.6	9109.6
114.5	9013.64
114.4	8788.01
114.3	8796.93
114.2	9065.13
114.1	9465.62
114	9552.66
113.9	9218.41
113.8	8873.97
113.7	8706.67
113.6	8800.9
113.5	8967.26
113.4	9249.13
113.3	9331.32
113.2	9462.6
113.1	9501.23
113	9496.73
112.9	9532.76
112.8	9574.06
112.7	9420.13
112.6	9238.18
112.5	9301.09
112.4	9381.24
112.3	9241.33
112.2	9036.24
112.1	8903.65
112	8847.52
111.9	8855.88
111.8	8941.63
111.7	9041.03
111.6	8747.72
111.5	8380.38
111.4	8393.57
111.3	8695.53
111.2	8741.95
111.1	8854.17
111	9086.07
110.9	9109.07
110.8	9023.7
110.7	8875.5
110.6	8987.45
110.5	9013.61
110.4	8801.53
110.3	8834.77
110.2	8990.56
110.1	9115.86
110	9015.76
109.9	8925.98
109.8	8560.61
109.7	8819.3
109.6	8977.55
109.5	8914.51
109.4	8933.38
109.3	9020.67
109.2	8763.64
109.1	8741.4
109	8802.26
108.9	8697.02
108.8	8560.86
108.7	8357.57
108.6	8365.41
108.5	8735.86
108.4	8709.61
108.3	8544.67
108.2	8911.04
108.1	9263.62
108	9313.58
107.9	9256.09
107.8	9141.7
107.7	8986.95
107.6	8814.99
107.5	8673.16
107.4	8345.58
107.3	7836.91
107.2	7781.97
107.1	7980.42
107	8167.69
106.9	8418.75
106.8	8622.08
106.7	8698.13
106.6	8648.28
106.5	8549.17
106.4	8434.01
106.3	8448.59
106.2	8282.95
106.1	8119.72
106	7966.74
105.9	7818.99
105.8	8282.87
105.7	8355.5
105.6	8413.07
105.5	8407.43
105.4	8656.57
105.3	8805.25
105.2	8847.19
105.1	8812.99
105	8652.83
104.9	8666.94
104.8	8596.23
104.7	8307.22
104.6	8040.08
104.5	7985.08
104.4	8312.97
104.3	8711.42
104.2	8803.16
104.1	8695.56
104	8867.92
103.9	8861.06
103.8	8629.93
103.7	8428.15
103.6	7655.19
103.5	7733.47
103.4	7992.29
103.3	8349.38
103.2	8567.75
103.1	8634.06
103	8528.63
102.9	8677.06
102.8	8590.07
102.7	8456.07
102.6	8303.88
102.5	8096.68
102.4	8078.86
102.3	8074.23
102.2	8262.47
102.1	8201.1
102	8314.02
101.9	8382.72
101.8	8345.72
101.7	8179.68
101.6	8217.71
101.5	8026.51
101.4	7937.9
101.3	7949.31
101.2	7985.21
101.1	8114.02
101	8312.23
100.9	8402.47
100.8	8295.75
100.7	8320.17
100.6	8364.67
100.5	8468.23
100.4	8349.29
100.3	7959.6
100.2	7718.98
100.1	7792.66
100	7683.77
99.9	7785.8
99.8	7853.73
99.7	7876.75
99.6	7999.03
99.5	8099.8
99.4	8065.44
99.3	8186.93
99.2	8277.94
99.1	8101.08
99	7668.62
98.9	7432.1
98.8	7693.49
98.7	7892.47
98.6	7821.19
98.5	7336.09
98.4	6808.85
98.3	6872
98.2	7086.59
98.1	7354.51
98	7561.75
97.9	7594.74
97.8	7733.44
97.7	8015.73
97.6	8257.68
97.5	8227.18
97.4	8042.54
97.3	7878.49
97.2	7711.89
97.1	7567.76
97	7490.72
96.9	7254.3
96.8	7097.68
96.7	6977.69
96.6	6981.33
96.5	7187.39
96.4	7054.23
96.3	6941.89
96.2	7038.99
96.1	7411.86
96	7488.45
95.9	7375.41
95.8	7376.42
95.7	7512.66
95.6	7688.03
95.5	7794.18
95.4	7743.57
95.3	7663.85
95.2	7731.69
95.1	7802.16
95	7636.74
94.9	7403.01
94.8	7118.83
94.7	7213.37
94.6	6924.36
94.5	7030.65
94.4	7445.68
94.3	7803.72
94.2	7988.64
94.1	8026.9
94	7879.5
93.9	7690.95
93.8	7527.67
93.7	7608.2
93.6	7552.14
93.5	7526.36
93.4	7510.13
93.3	7491.88
93.2	7408.4
93.1	7126.56
93	6923.33
92.9	6973.42
92.8	7093.27
92.7	7158.27
92.6	7126.62
92.5	7140.43
92.4	7211.35
92.3	7248.15
92.2	7175.37
92.1	7096.64
92	7089.27
91.9	7109.1
91.8	7059.33
91.7	7070.12
91.6	7195.95
91.5	7152.09
91.4	7309.27
91.3	7614.16
91.2	7820.47
91.1	7867.23
91	7730.67
90.9	7528.59
90.8	7376.78
90.7	7407.56
90.6	7503.9
90.5	7378.44
90.4	7071.06
90.3	6910.27
90.2	7183.82
90.1	7515.53
90	7721.24
89.9	7792.02
89.8	7666.17
89.7	7377.33
89.6	7187.66
89.5	7193.37
89.4	7240.71
89.3	7042.1
89.2	6982.33
89.1	7082.28
89	7322.31
88.9	7316.14
88.8	7189.04
88.7	6985.64
88.6	6934.77
88.5	6963.31
88.4	7110.04
88.3	7294.65
88.2	7415.1
88.1	7421.09
88	7394.86
87.9	7300.59
87.8	6923.87
87.7	6614.48
87.6	6726.58
87.5	6830.83
87.4	6991.77
87.3	6911.88
87.2	6838.66
87.1	6762.12
87	6696.23
86.9	6792.04
86.8	6861.66
86.7	6913.76
86.6	6921.7
86.5	6963.14
86.4	6889.51
86.3	6681.18
86.2	6301.45
86.1	6088.13
86	6631.57
85.9	6735
85.8	6675.05
85.7	6720.3
85.6	6950.14
85.5	6866.84
85.4	6653.34
85.3	6694.42
85.2	6837.97
85.1	6844.93
85	6695.66
84.9	6396.07
84.8	6546.79
84.7	6720.29
84.6	6649.79
84.5	6505.09
84.4	6475.85
84.3	6534.31
84.2	6418.87
84.1	6191.9
84	6173.28
83.9	6125.43
83.8	6329.9
83.7	6456.2
83.6	6509.82
83.5	6637.93
83.4	6801.12
83.3	6961.23
83.2	7034.41
83.1	7005.72
83	6863.85
82.9	6712.91
82.8	6737.27
82.7	6736.83
82.6	6691.62
82.5	6585.58
82.4	6302.11
82.3	6038.27
82.2	5917.2
82.1	5983.61
82	6109.37
81.9	6221.68
81.8	6302.42
81.7	6289.4
81.6	6064.29
81.5	6146.84
81.4	6516.41
81.3	6684.67
81.2	6626.61
81.1	6582.59
81	6607.19
80.9	6620.97
80.8	6776.64
80.7	7026.65
80.6	7062.99
80.5	6920.65
80.4	6745.18
80.3	6715.47
80.2	6737.41
80.1	6637.16
80	6633.26
79.9	6451.51
79.8	6368.39
79.7	6305.34
79.6	6221.85
79.5	6139.97
79.4	6032.73
79.3	5900.26
79.2	5878.19
79.1	5571.2
79	5401.71
78.9	5557.87
78.8	5850.93
78.7	5907.52
78.6	5857.03
78.5	5739.37
78.4	5750.36
78.3	5535.49
78.2	5293.47
78.1	5283.42
78	5508.89
77.9	5813.42
77.8	5950.18
77.7	6057.13
77.6	6206.19
77.5	6239.45
77.4	6283.93
77.3	6272.42
77.2	6244.85
77.1	6125.36
77	6073.81
76.9	6050.4
76.8	6004.38
76.7	5922.25
76.6	6012.79
76.5	6078.14
76.4	6143.43
76.3	6293.41
76.2	6177.44
76.1	5886.68
76	5717.5
75.9	6014.13
75.8	6380.65
75.7	6463.2
75.6	6466.66
75.5	6372.13
75.4	6345.08
75.3	6229.22
75.2	6213.59
75.1	6212.49
75	6246.72
74.9	6124.23
74.8	6015.26
74.7	5945.4
74.6	5737.09
74.5	5619.02
74.4	5357.05
74.3	5077.95
74.2	5005.98
74.1	5037.8
74	5146.63
73.9	5362.36
73.8	5505.07
73.7	5571.19
73.6	5691.48
73.5	5767.34
73.4	5768.81
73.3	5862.64
73.2	5827.75
73.1	5749.13
73	5541.12
72.9	5518.23
72.8	5675.39
72.7	5773.53
72.6	5765.99
72.5	5668.54
72.4	5818.81
72.3	5797.6
72.2	5725.71
72.1	5667.19
72	5730.69
71.9	5817.26
71.8	5831.74
71.7	5791.39
71.6	5736.5
71.5	5690.09
71.4	5562.96
71.3	5477.34
71.2	5405.95
71.1	5349.15
71	5319.06
70.9	5368.89
70.8	5452.78
70.7	5478.44
70.6	5461.88
70.5	5478.07
70.4	5535.89
70.3	5561.11
70.2	5518.18
70.1	5606.93
70	5621.74
69.9	5640.86
69.8	5662.74
69.7	5700.91
69.6	5717.88
69.5	5721.97
69.4	5579.59
69.3	5451.14
69.2	5304.79
69.1	5379.31
69	5383.27
68.9	5355.74
68.8	5381.29
68.7	5466.26
68.6	5548.22
68.5	5433.2
68.4	5400.5
68.3	5515.23
68.2	5584.76
68.1	5536.24
68	5412.89
67.9	5177.47
67.8	5079.62
67.7	5069.6
67.6	5176.24
67.5	5366.8
67.4	5499.15
67.3	5535.36
67.2	5504.38
67.1	5332.99
67	5256.54
66.9	5331.24
66.8	5456.66
66.7	5579
66.6	5651.63
66.5	5608.92
66.4	5579.82
66.3	5485.21
66.2	5421.89
66.1	5414.54
66	5387.92
65.9	5324.74
65.8	5214.73
65.7	5145.54
65.6	5140.5
65.5	5203.88
65.4	5211.11
65.3	5128.14
65.2	5009.68
65.1	4943.63
65	4886.11
64.9	4784.62
64.8	4822.96
64.7	4922.17
64.6	4913.05
64.5	4804.69
64.4	4967.12
64.3	5086.2
64.2	5125.3
64.1	5109.74
64	5014.08
63.9	5036.88
63.8	5113.56
63.7	5199.21
63.6	5218.29
63.5	5154.34
63.4	5081.06
63.3	5058.79
63.2	5062.6
63.1	5049.95
63	5027.81
62.9	4980.44
62.8	4932.63
62.7	4843.09
62.6	4907.22
62.5	5067.49
62.4	5131.46
62.3	5122.46
62.2	5084.04
62.1	5111.07
62	5176.7
61.9	5226.64
61.8	5212.24
61.7	5147.41
61.6	5163.92
61.5	5136.37
61.4	5004.73
61.3	4987.27
61.2	4743.1
61.1	4467.38
61	4470.41
60.9	4562.69
60.8	4626.01
60.7	4604.15
60.6	4508.57
60.5	4494.17
60.4	4560.37
60.3	4685.67
60.2	4719.28
60.1	4735.68
60	4774.31
59.9	4802.15
59.8	4835.18
59.7	4754.95
59.6	4641.4
59.5	4547.42
59.4	4487.82
59.3	4465.98
59.2	4458.36
59.1	4417.7
59	4401.32
58.9	4625.23
58.8	4760.43
58.7	4762.88
58.6	4710.05
58.5	4685.5
58.4	4782.69
58.3	4804.06
58.2	4744.52
58.1	4779.75
58	4819.7
57.9	4831.99
57.8	4802.44
57.7	4674.48
57.6	4538.88
57.5	4578.2
57.4	4621.7
57.3	4630.63
57.2	4676.58
57.1	4681.22
57	4626.8
56.9	4575.68
56.8	4518.73
56.7	4469.54
56.6	4396.91
56.5	4351.11
56.4	4274.91
56.3	4205.03
56.2	4208.41
56.1	4305.07
56	4273.76
55.9	4568.44
55.8	4610.61
55.7	4616.21
55.6	4613.36
55.5	4573.58
55.4	4430.72
55.3	4356.56
55.2	4292.35
55.1	4237.99
55	4202.43
54.9	4226.47
54.8	4334.37
54.7	4285.19
54.6	4241.77
54.5	4257.06
54.4	4301.29
54.3	4340.73
54.2	4306.65
54.1	4193.51
54	3956.52
53.9	3945.72
53.8	4011.4
53.7	4049.22
53.6	4040.41
53.5	3994.44
53.4	3968.43
53.3	3978.38
53.2	4010.2
53.1	4077.63
53	4012.56
52.9	3963.23
52.8	3978.73
52.7	4101.63
52.6	4256.2
52.5	4342.08
52.4	4365.06
52.3	4371.49
52.2	4337.7
52.1	4162.65
52	4198.84
51.9	4185.59
51.8	4197.22
51.7	4089.9
51.6	3989.95
51.5	4040.68
51.4	3892.19
51.3	3881.37
51.2	3898.59
51.1	3870.26
51	3876.12
50.9	4002.81
50.8	4099.86
50.7	4192.57
50.6	4238.16
50.5	4221.23
50.4	4160
50.3	4120.07
50.2	4101.11
50.1	4119.7
50	4090.43
49.9	4049.33
49.8	3955.85
49.7	3909.35
49.6	3879.27
49.5	3894.18
49.4	3849.1
49.3	3776.66
49.2	3721.14
49.1	3720.29
49	3752.1
48.9	3869.11
48.8	3878.69
48.7	3831.59
48.6	3791.98
48.5	3731.52
48.4	3649.47
48.3	3637.55
48.2	3538.56
48.1	3510.5
48	3537.34
47.9	3611.33
47.8	3629.64
47.7	3607.92
47.6	3496.99
47.5	3452.92
47.4	3457.84
47.3	3439.88
47.2	3446.38
47.1	3477.62
47	3509.88
46.9	3480.78
46.8	3398.77
46.7	3417.46
46.6	3531.72
46.5	3593.37
46.4	3552.36
46.3	3503.6
46.2	3607.31
46.1	3620.36
46	3625.83
45.9	3696.83
45.8	3768.55
45.7	3793.87
45.6	3799.31
45.5	3767.71
45.4	3687.27
45.3	3595.14
45.2	3460.65
45.1	3391.64
45	3400.75
44.9	3455.09
44.8	3520.02
44.7	3562.1
44.6	3566.71
44.5	3554.91
44.4	3524.28
44.3	3488.96
44.2	3426.29
44.1	3407.32
44	3414.28
43.9	3409.12
43.8	3462.89
43.7	3482.13
43.6	3441.14
43.5	3275.52
43.4	3152.93
43.3	3101.45
43.2	3134.88
43.1	3206.26
43	3282.95
42.9	3292.66
42.8	3312.68
42.7	3305.43
42.6	3308.68
42.5	3320.38
42.4	3249.77
42.3	3197.59
42.2	3218.64
42.1	3296.06
42	3411.85
41.9	3446.96
41.8	3378.43
41.7	3332.52
41.6	3179.24
41.5	3078.66
41.4	3091.83
41.3	3126.17
41.2	3080.88
41.1	3013.72
41	3030.13
40.9	3085.04
40.8	3104.72
40.7	3085.72
40.6	3076.73
40.5	3093.28
40.4	3196.76
40.3	3240.24
40.2	3252.84
40.1	3213.19
40	3086.17
39.9	2996.12
39.8	2968.51
39.7	2981.4
39.6	2998.56
39.5	3021.69
39.4	3040.77
39.3	3049.29
39.2	3100.97
39.1	3079.75
39	3067.16
38.9	3069.7
38.8	3089.54
38.7	3135.11
38.6	3190.89
38.5	3236.81
38.4	3266.11
38.3	3225.9
38.2	3183.12
38.1	3182.7
38	3144.86
37.9	3090.79
37.8	2996.81
37.7	2885.8
37.6	2769.52
37.5	2700.92
37.4	2669.73
37.3	2674.41
37.2	2699.87
37.1	2718.54
37	2725.96
36.9	2734.25
36.8	2753.84
36.7	2788.69
36.6	2848.93
36.5	2875.25
36.4	2867.58
36.3	2824.62
36.2	2773.61
36.1	2739.21
36	2737.43
35.9	2759.03
35.8	2781.91
35.7	2826.68
35.6	2835.99
35.5	2862.46
35.4	2863.03
35.3	2856.39
35.2	2864.98
35.1	2850.41
35	2829.11
34.9	2786.81
34.8	2779.43
34.7	2787.37
34.6	2838.75
34.5	2832.87
34.4	2794.09
34.3	2738.15
34.2	2650.84
34.1	2616.78
34	2590.46
33.9	2577.07
33.8	2572.81
33.7	2502.58
33.6	2428.68
33.5	2367.9
33.4	2288.57
33.3	2200.82
33.2	2179.23
33.1	2208.67
33	2280.59
32.9	2309.75
32.8	2293.5
32.7	2288.39
32.6	2329.34
32.5	2380.04
32.4	2537.45
32.3	2530.72
32.2	2541
32.1	2485.39
32	2437.68
31.9	2382.35
31.8	2339.04
31.7	2336.97
31.6	2349.18
31.5	2400.84
31.4	2453.56
31.3	2474.16
31.2	2457.02
31.1	2414.22
31	2369.35
30.9	2300.87
30.8	2308.11
30.7	2344.63
30.6	2401.44
30.5	2434.56
30.4	2421.14
30.3	2387.15
30.2	2337.44
30.1	2239.43
30	2228.34
29.9	2228.59
29.8	2263.07
29.7	2280.53
29.6	2260.08
29.5	2212.33
29.4	2166.69
29.3	2140.4
29.2	2123
29.1	2144.88
29	2255.11
28.9	2363.27
28.8	2421.28
28.7	2433.9
28.6	2413.06
28.5	2361.78
28.4	2324.89
28.3	2311.41
28.2	2328.9
28.1	2358.93
28	2383.18
27.9	2383.32
27.8	2370.57
27.7	2341.62
27.6	2305.85
27.5	2265.77
27.4	2223.69
27.3	2174.15
27.2	2115.66
27.1	2058.5
27	2008.86
26.9	1979.26
26.8	1968.2
26.7	1992.81
26.6	2016.94
26.5	2032.65
26.4	2047.92
26.3	2063.08
26.2	2074.5
26.1	2082.28
26	2084.17
25.9	2077.33
25.8	2069.21
25.7	2047.94
25.6	2050
25.5	2090.79
25.4	2108.88
25.3	2116.56
25.2	2056.81
25.1	2024.39
25	2010.17
24.9	1982.76
24.8	1929.39
24.7	1915.72
24.6	1896.44
24.5	1867.6
24.4	1907.71
24.3	1864.87
24.2	1851.84
24.1	1816.23
24	1774.03
23.9	1733.95
23.8	1710.87
23.7	1711.13
23.6	1722.92
23.5	1732.85
23.4	1740.58
23.3	1780.24
23.2	1792.44
23.1	1778.12
23	1772.09
22.9	1722.3
22.8	1691.28
22.7	1669.05
22.6	1650.47
22.5	1640.08
22.4	1628.5
22.3	1616.16
22.2	1606.3
22.1	1623.59
22	1644.52
21.9	1657.14
21.8	1650.16
21.7	1660.12
21.6	1657.72
21.5	1626.19
21.4	1606.32
21.3	1573.67
21.2	1536.42
21.1	1513.63
21	1501.42
20.9	1548.69
20.8	1585.03
20.7	1602.61
20.6	1610.42
20.5	1628.07
20.4	1664.6
20.3	1672.51
20.2	1656.93
20.1	1624.89
20	1582.13
19.9	1538.65
19.8	1502.25
19.7	1473.19
19.6	1449.73
19.5	1432.19
19.4	1436.22
19.3	1454.97
19.2	1464.47
19.1	1468.93
19	1456.93
18.9	1443.53
18.8	1421.46
18.7	1402.3
18.6	1395.77
18.5	1381.96
18.4	1414.43
18.3	1457
18.2	1491.1
18.1	1529.43
18	1546.87
17.9	1558.01
17.8	1561.42
17.7	1556.54
17.6	1544.19
17.5	1526.73
17.4	1507.25
17.3	1486.62
17.2	1462.85
17.1	1432.93
17	1403.03
16.9	1362.94
16.8	1337.58
16.7	1328.89
16.6	1333.98
16.5	1316.09
16.4	1308.67
16.3	1279.22
16.2	1250.76
16.1	1207.79
16	1167.76
15.9	1137.01
15.8	1120.72
15.7	1110.75
15.6	1118.27
15.5	1129.56
15.4	1143.05
15.3	1162.35
15.2	1180.86
15.1	1208.77
15	1229.99
14.9	1239.59
14.8	1235.41
14.7	1212.51
14.6	1180.3
14.5	1143.01
14.4	1106.44
14.3	1076.91
14.2	1058.95
14.1	1052.94
14	1055.66
13.9	1063.37
13.8	1073.63
13.7	1137.01
13.6	1138.93
13.5	1133.01
13.4	1118.92
13.3	1097.5
13.2	1066.49
13.1	1036.43
13	1006.65
12.9	977.971
12.8	950.12
12.7	923.924
12.6	902.905
12.5	891.879
12.4	892.763
12.3	902.457
12.2	916.311
12.1	928.898
12	935.422
11.9	937.348
11.8	934.897
11.7	928.49
11.6	921.835
11.5	915.523
11.4	911.115
11.3	908.786
11.2	906.838
11.1	902.768
11	895.279
10.9	885.278
10.8	875.075
10.7	866.733
10.6	861.091
10.5	857.863
10.4	856.153
10.3	854.866
10.2	852.969
10.1	846.238
10	840.61
9.9	832.89
9.8	825.59
9.7	814.804
9.6	821.943
9.5	814.324
9.4	810.053
9.3	808.684
9.2	809.099
9.1	808.951
9	809.992
8.9	810.36
8.8	797.289
8.7	795.354
8.6	791.628
8.5	785.836
8.4	777.927
8.3	771.236
8.2	759.899
8.1	748.52
8	738.268
7.9	729.979
7.8	728.814
7.7	722.858
7.6	722.25
7.5	718.951
7.4	716.467
7.3	713.976
7.2	710.624
7.1	705.729
7	693.239
6.9	684.562
6.8	674.594
6.7	663.866
6.6	652.844
6.5	641.807
6.4	630.844
6.3	619.099
6.2	605.988
6.1	594.499
6	582.875
5.9	571.187
5.8	559.589
5.7	544.574
5.6	533.057
5.5	522.414
5.4	512.652
5.3	503.573
5.2	494.811
5.1	485.947
5	476.703
4.9	467.162
4.8	457.91
4.7	449.873
4.6	443.675
4.5	439.383
4.4	436.027
4.3	432.509
4.2	428.023
4.1	423.436
4	416.322
3.9	408.087
3.8	399.062
3.7	390.175
3.6	380.845
3.5	372.416
3.4	367.809
3.3	362.501
3.2	358.751
3.1	355.973
3	353.493
2.9	350.786
2.8	347.57
2.7	343.776
2.6	339.474
2.5	336.894
2.4	331.651
2.3	326.324
2.2	320.963
2.1	315.567
2	310.093
1.9	304.474
1.8	298.642
1.7	292.542
1.6	286.145
1.5	279.447
1.4	272.471
1.3	265.259
1.2	257.866
1.1	250.352
1	241.38
0.9	233.644
0.8	225.967
0.7	218.358
0.6	210.8
0.5	203.258
0.4	195.677
0.3	187.985
0.2	180.087
0.1	171.51
4.24652e-12	161.843
